<?xml version="1.0"?>
<COLLADA xmlns="http://www.collada.org/2005/11/COLLADASchema" version="1.4.1">
  <asset>
    <contributor>
      <author>Assimp</author>
      <authoring_tool>Assimp Exporter</authoring_tool>
    </contributor>
    <created>2020-07-03T18:45:00</created>
    <modified>2020-07-03T18:45:00</modified>
    <unit name="meter" meter="0.01" />
    <up_axis>Y_UP</up_axis>
  </asset>
  <library_effects>
    <effect id="DefaultMaterial-fx" name="DefaultMaterial">
      <profile_COMMON>
        <technique sid="standard">
          <phong>
          </phong>
        </technique>
      </profile_COMMON>
    </effect>
  </library_effects>
  <library_materials>
    <material id="DefaultMaterial" name="DefaultMaterial">
      <instance_effect url="#DefaultMaterial-fx"/>
    </material>
  </library_materials>
  <library_geometries>
    <geometry id="meshId0" name="meshId0_name" >
      <mesh>
        <source id="meshId0-positions" name="meshId0-positions">
          <float_array id="meshId0-positions-array" count="414"> 0.737386 0.0154955 -0.0170727 0.737386 0.0806141 -0.0170727 0.737386 0.152489 0.188652 0.737386 -0.0599799 0.188652 0.737386 -0.0919204 0.690442 0.737386 0.174114 0.690442 0.737386 0.19249 0.866706 0.737386 -0.11187 0.941337 -0.656628 0.0154955 -0.0170727 0.737386 0.0154955 -0.0170727 0.737386 -0.0599799 0.188652 -0.656628 -0.0599799 0.188652 0.737386 0.0806141 -0.0170727 -0.656628 0.0806141 -0.0170727 -0.656628 0.152489 0.188652 0.737386 0.152489 0.188652 -0.656628 -0.0599799 0.188652 -0.656628 0.152489 0.188652 -0.656628 0.0806141 -0.0170727 -0.656628 0.0154955 -0.0170727 0.737386 -0.11187 0.941337 0.737386 0.19249 0.866706 -0.656628 0.19249 0.866706 -0.656628 -0.11187 0.941337 -0.656628 0.174114 0.690442 -0.656628 -0.0919204 0.690442 -0.656628 -0.11187 0.941337 -0.656628 0.19249 0.866706 0.737386 0.174114 0.690442 -0.656628 0.174114 0.690442 -0.656628 0.186183 0.439547 0.737386 0.186183 0.439547 -0.656628 -0.0632974 0.439547 -0.656628 0.186183 0.439547 0.737386 0.186183 0.439547 0.737386 -0.0632974 0.439547 0.737386 -0.0599799 -0.222797 0.737386 0.152489 -0.222797 0.737386 -0.0919206 -0.724587 0.737386 -0.11187 -0.975482 0.737386 0.19249 -0.900852 0.737386 0.174113 -0.724587 -0.656628 -0.0599799 -0.222797 0.737386 -0.0599799 -0.222797 0.737386 0.152489 -0.222797 -0.656628 0.152489 -0.222797 -0.656628 -0.0599799 -0.222797 -0.656628 0.152489 -0.222797 0.737386 -0.11187 -0.975482 -0.656628 -0.11187 -0.975482 -0.656628 0.19249 -0.900852 0.737386 0.19249 -0.900852 -0.656628 0.174113 -0.724587 -0.656628 0.19249 -0.900852 -0.656628 -0.11187 -0.975482 -0.656628 -0.0919206 -0.724587 0.737386 0.174113 -0.724587 -0.656628 0.174113 -0.724587 0.737386 0.186183 -0.473692 -0.656628 0.186183 -0.473692 -0.656628 0.186183 -0.473692 -0.656628 -0.0632975 -0.473692 0.737386 -0.0632975 -0.473692 0.737386 0.186183 -0.473692 0.857146 -0.191922 -7.03927e-08 0.857146 -0.100955 -8.53698e-08 0.857146 -0.0349081 0.182807 0.857146 -0.125875 0.182807 0.857146 -0.172822 0.727602 0.857146 -0.0818546 0.727602 0.857146 -0.101523 1 0.857146 -0.19249 1 -0.733737 -0.191922 -7.03927e-08 0.857146 -0.191922 -7.03927e-08 0.857146 -0.125875 0.182807 -0.733737 -0.125875 0.182807 0.857146 -0.100955 -8.53698e-08 -0.733737 -0.100955 -8.53698e-08 -0.733737 -0.0349081 0.182807 0.857146 -0.0349081 0.182807 0.857146 -0.19249 1 0.857146 -0.101523 1 -0.733737 -0.101523 1 -0.733737 -0.19249 1 -0.733737 -0.0818546 0.727602 -0.733737 -0.172822 0.727602 0.857146 -0.172822 0.727602 0.857146 -0.19249 1 0.857146 -0.0818546 0.727602 0.857146 -0.101523 1 -0.733737 -0.0545043 0.455205 0.857146 -0.0545043 0.455205 0.857146 -0.145471 0.455205 -0.733737 -0.145471 0.455205 0.857146 -0.0545043 0.455205 0.857146 -0.145471 0.455205 0.857146 -0.125875 -0.182808 0.857146 -0.0349081 -0.182808 0.857146 -0.172822 -0.727603 0.857146 -0.19249 -1 0.857146 -0.101523 -1 0.857146 -0.0818548 -0.727603 -0.733737 -0.125875 -0.182808 0.857146 -0.125875 -0.182808 0.857146 -0.0349081 -0.182808 -0.733737 -0.0349081 -0.182808 -0.733737 -0.19249 -1 -0.733737 -0.101523 -1 -0.733737 -0.0818548 -0.727603 -0.733737 -0.101523 -1 -0.733737 -0.19249 -1 -0.733737 -0.172822 -0.727603 0.857146 -0.19249 -1 0.857146 -0.172822 -0.727603 0.857146 -0.0818548 -0.727603 0.857146 -0.101523 -1 0.857146 -0.0545044 -0.455205 -0.733737 -0.0545044 -0.455205 -0.733737 -0.145471 -0.455205 0.857146 -0.145471 -0.455205 0.857146 -0.145471 -0.455205 0.857146 -0.0545044 -0.455205 0.682577 0.0773841 0.667057 0.790151 0.079178 0.669082 0.790392 0.0866203 0.561179 0.682817 0.0848264 0.559154 0.828363 0.0598255 0.667627 0.828603 0.0672677 0.559724 -0.713341 0.0960811 -0.759958 -0.789069 0.0823739 -0.758005 -0.781051 0.0858696 -0.56341 -0.705323 0.0995769 -0.565363 -0.81509 0.0655009 -0.561499 -0.823107 0.0620051 -0.756094 -0.857146 0.0308133 -0.754182 -0.849129 0.0343091 -0.559587 -0.595335 0.0978793 -0.763001 -0.587318 0.101375 -0.568406 </float_array>
          <technique_common>
            <accessor count="138" offset="0" source="#meshId0-positions-array" stride="3">
              <param name="X" type="float" />
              <param name="Y" type="float" />
              <param name="Z" type="float" />
            </accessor>
          </technique_common>
        </source>
        <source id="meshId0-normals" name="meshId0-normals">
          <float_array id="meshId0-normals-array" count="414"> 0.793441 -0.608647 9.91611e-08 0.789411 0.613865 -1.00011e-07 0.68503 0.708529 -0.169472 0.872382 -0.458912 -0.168373 1 0 0 0.72459 0.688912 -0.0192273 0.584876 0.663342 0.466796 0.622979 0.186286 0.759733 -0.793441 -0.608647 9.91611e-08 0.793441 -0.608647 9.91611e-08 0.872382 -0.458912 -0.168373 -0.872382 -0.458912 -0.168373 0.789411 0.613865 -1.00011e-07 -0.789411 0.613865 -1.00011e-07 -0.68503 0.708529 -0.169472 0.68503 0.708529 -0.169472 -0.872382 -0.458912 -0.168373 -0.68503 0.708529 -0.169472 -0.789411 0.613865 -1.00011e-07 -0.793441 -0.608647 9.91611e-08 0.622979 0.186286 0.759733 0.584876 0.663342 0.466796 -0.584876 0.663342 0.466796 -0.622979 0.186286 0.759733 -0.72459 0.688912 -0.0192273 -1 0 -0 -0.622979 0.186286 0.759733 -0.584876 0.663342 0.466796 0.72459 0.688912 -0.0192273 -0.72459 0.688912 -0.0192273 -0.687262 0.725747 -0.0310076 0.687262 0.725747 -0.0310076 -1 0 -0 -0.687262 0.725747 -0.0310076 0.687262 0.725747 -0.0310076 1 0 0 0.872382 -0.458912 0.168373 0.68503 0.708529 0.169472 1 0 0 0.622979 0.186286 -0.759733 0.584876 0.663341 -0.466796 0.72459 0.688912 0.0192271 -0.872382 -0.458912 0.168373 0.872382 -0.458912 0.168373 0.68503 0.708529 0.169472 -0.68503 0.708529 0.169472 -0.872382 -0.458912 0.168373 -0.68503 0.708529 0.169472 0.622979 0.186286 -0.759733 -0.622979 0.186286 -0.759733 -0.584876 0.663341 -0.466796 0.584876 0.663341 -0.466796 -0.72459 0.688912 0.0192271 -0.584876 0.663341 -0.466796 -0.622979 0.186286 -0.759733 -1 0 -0 0.72459 0.688912 0.0192271 -0.72459 0.688912 0.0192271 0.687262 0.725747 0.0310074 -0.687262 0.725747 0.0310074 -0.687262 0.725747 0.0310074 -1 0 -0 1 0 0 0.687262 0.725747 0.0310074 0.638023 -0.770017 1.25452e-07 0.792154 0.610321 -9.94339e-08 0.663213 0.741373 -0.102545 0.757001 -0.647253 0.0895132 0.703985 -0.707587 -0.0610382 0.710269 0.701327 0.0604886 0.581235 0.554287 0.595762 0.573645 -0.599678 0.557958 -0.638023 -0.770017 1.25452e-07 0.638023 -0.770017 1.25452e-07 0.757001 -0.647253 0.0895132 -0.757001 -0.647253 0.0895132 0.792154 0.610321 -9.94339e-08 -0.792154 0.610321 -9.94339e-08 -0.663213 0.741373 -0.102545 0.663213 0.741373 -0.102545 0.573645 -0.599678 0.557958 0.581235 0.554287 0.595762 -0.581235 0.554287 0.595762 -0.573645 -0.599678 0.557958 -0.710269 0.701327 0.0604886 -0.703985 -0.707587 -0.0610382 0.703985 -0.707587 -0.0610382 0.573645 -0.599678 0.557958 0.710269 0.701327 0.0604886 0.581235 0.554287 0.595762 -0.703943 0.707636 0.0609457 0.703943 0.707636 0.0609457 0.710303 -0.7013 -0.0603973 -0.710303 -0.7013 -0.0603973 0.703943 0.707636 0.0609457 0.710303 -0.7013 -0.0603973 0.757001 -0.647253 -0.089513 0.663213 0.741373 0.102544 0.703985 -0.707587 0.0610384 0.573645 -0.599678 -0.557958 0.581235 0.554287 -0.595762 0.710269 0.701327 -0.0604888 -0.757001 -0.647253 -0.089513 0.757001 -0.647253 -0.089513 0.663213 0.741373 0.102544 -0.663213 0.741373 0.102544 -0.573645 -0.599678 -0.557958 -0.581235 0.554287 -0.595762 -0.710269 0.701327 -0.0604888 -0.581235 0.554287 -0.595762 -0.573645 -0.599678 -0.557958 -0.703985 -0.707587 0.0610384 0.573645 -0.599678 -0.557958 0.703985 -0.707587 0.0610384 0.710269 0.701327 -0.0604888 0.581235 0.554287 -0.595762 0.703943 0.707636 -0.0609459 -0.703943 0.707636 -0.0609459 -0.710303 -0.7013 0.0603975 0.710303 -0.7013 0.0603975 0.710303 -0.7013 0.0603975 0.703943 0.707636 -0.0609459 -0.0179145 0.997475 0.068728 0.224897 0.972039 0.067539 0.223245 0.97242 0.0675379 -0.0179145 0.997475 0.068728 0.452814 0.889422 0.0623507 0.452814 0.889422 0.0623507 -0.0982099 0.99507 -0.0138252 -0.35228 0.935892 -0.00228907 -0.350671 0.936496 -0.00235017 -0.0964388 0.995242 -0.0138861 -0.59728 0.801968 0.0101931 -0.597138 0.802074 0.0101933 -0.675089 0.737593 0.0145576 -0.675089 0.737593 0.0145576 -0.015656 0.999728 -0.0173042 -0.015656 0.999728 -0.0173042 </float_array>
          <technique_common>
            <accessor count="138" offset="0" source="#meshId0-normals-array" stride="3">
              <param name="X" type="float" />
              <param name="Y" type="float" />
              <param name="Z" type="float" />
            </accessor>
          </technique_common>
        </source>
        <source id="meshId0-tangents" name="meshId0-tangents">
          <float_array id="meshId0-tangents-array" count="414"> -0.608647 -0.793441 1.82698e-07 0.613865 -0.789411 1.88269e-07 0.687794 -0.705682 -0.170156 -0.450596 -0.888482 0.0869669 0 -1 2.92264e-07 0.68867 -0.724845 -0.0182738 0.51846 -0.748317 0.413789 0.11812 -0.982496 0.14405 0.608647 -0.793441 5.79879e-07 0.608647 0.793441 -5.13185e-08 0.488825 0.818998 0.300486 0.488825 -0.818998 -0.300486 0.613865 -0.789411 2.36636e-07 0.613865 0.789411 1.23046e-07 0.728515 0.666237 -0.159356 0.728515 -0.666236 0.159356 0.450596 -0.888482 0.0869669 -0.687794 -0.705682 -0.170156 -0.613865 -0.789411 3.09323e-08 0.608647 -0.793441 8.13486e-08 0.782239 -0.148359 -0.605056 0.811123 -0.478315 -0.336592 0.811123 0.478315 0.336592 0.782239 0.14836 0.605055 -0.68867 -0.724845 -0.0182739 0 -1 -9.10669e-09 -0.11812 -0.982495 0.144049 -0.51846 -0.748317 0.413789 0.689181 -0.724307 0.0202156 0.689181 0.724307 -0.020215 0.726409 0.686636 -0.0293361 0.726409 -0.686636 0.0293371 0 -1 2.50341e-07 -0.72501 -0.687961 -0.0327103 0.72501 -0.687961 -0.0327103 0 -1 2.65429e-07 -0.450596 -0.888482 -0.0869665 0.687794 -0.705682 0.170156 0 -1 2.27509e-07 0.11812 -0.982496 -0.144049 0.518461 -0.748317 -0.413788 0.68867 -0.724845 0.0182745 0.488825 -0.818998 0.300487 0.488825 0.818998 -0.300486 0.728515 -0.666237 -0.159356 0.728515 0.666237 0.159356 0.450596 -0.888482 -0.0869665 -0.687794 -0.705681 0.170156 0.782239 -0.148359 0.605056 0.782239 0.148359 -0.605056 0.811123 0.478315 -0.336592 0.811123 -0.478315 0.336592 -0.68867 -0.724845 0.0182742 -0.51846 -0.748317 -0.413789 -0.11812 -0.982496 -0.14405 0 -1 -1.56403e-07 0.689181 -0.724307 -0.0202145 0.689181 0.724307 0.0202148 0.726409 -0.686636 -0.0293359 0.726409 0.686636 0.0293368 -0.72501 -0.687961 0.0327108 0 -1 2.34919e-07 0 -1 2.17704e-07 0.72501 -0.687961 0.0327108 -2.28432e-10 1.62731e-07 1 2.24733e-10 1.62629e-07 1 0.0683689 0.0764271 0.994728 -0.0680342 0.0581718 0.995986 0.0430504 -0.0432704 0.998135 -0.0430421 -0.0424999 0.998169 -0.431145 -0.411152 0.803161 -0.385686 0.403192 0.829869 0.770017 -0.638024 1.43242e-06 0.770017 0.638023 3.59359e-07 0.653364 0.751498 -0.0914651 0.652499 -0.756061 0.0511551 -0.610321 0.792154 3.02534e-07 -0.610321 -0.792154 1.85184e-06 -0.747258 -0.663596 0.0352987 -0.748393 0.655554 -0.100782 -0.46818 -0.79899 -0.377389 0.344192 -0.830877 0.437235 -0.623161 -0.774009 0.112159 0.61149 -0.766747 -0.195397 -0.703869 -0.708716 -0.047854 0.710117 -0.702706 -0.0440253 0.710167 0.700338 0.0720347 0.819085 0.424537 -0.385834 -0.703928 0.707396 0.0638474 -0.813732 0.393739 0.427562 -0.709893 -0.703732 -0.0285183 -0.710232 0.702029 0.0522034 0.703834 0.706489 0.0741002 0.703591 -0.709903 -0.0315847 -0.0429821 -0.0432077 0.998141 0.0429787 -0.0424342 0.998174 0.0680342 -0.0581715 0.995986 -0.0683689 -0.0764267 0.994728 -0.0430503 0.0432708 0.998135 0.707654 0.0197884 0.706282 0.70731 0.0178584 0.706678 0.0430421 0.0425003 0.998169 0.652499 -0.756061 -0.0511535 0.653364 0.751498 0.0914662 -0.748393 0.655554 0.100782 -0.747258 -0.663596 -0.0352967 0.819104 -0.419973 -0.390757 0.813736 0.395917 -0.42554 -0.703869 -0.708716 0.0478541 -0.705903 -0.70766 0.0302965 0.710002 -0.703706 0.0263614 0.710117 -0.702706 0.0440252 0.819085 0.424536 0.385834 0.710167 0.700339 -0.0720333 -0.703928 0.707396 -0.0638462 -0.813732 0.39374 -0.427562 -0.710232 0.70203 -0.0522022 -0.709893 -0.703732 0.0285191 0.703591 -0.709903 0.0315852 0.703835 0.706489 -0.074099 -0.0429783 0.042435 0.998174 0.0429816 0.0432086 0.998141 0.0118772 0.0689465 -0.99755 0.0113501 0.0666966 -0.997709 0.01135 0.0666886 -0.997709 0.0118775 0.0689465 -0.99755 0.0108268 0.0644406 -0.997863 0.0108296 0.0644392 -0.997863 0.0299759 0.016844 0.999409 0.0307805 0.0140306 0.999428 0.0307789 0.0140332 0.999428 0.0299742 0.0168488 0.999409 0.0321602 0.0112492 0.99942 0.0321642 0.0112448 0.999419 0.0328418 0.0103338 0.999407 0.0328419 0.0103339 0.999407 0.0298872 0.0177665 0.999395 0.0298849 0.0177665 0.999395 </float_array>
          <technique_common>
            <accessor count="138" offset="0" source="#meshId0-tangents-array" stride="3">
              <param name="X" type="float" />
              <param name="Y" type="float" />
              <param name="Z" type="float" />
            </accessor>
          </technique_common>
        </source>
        <source id="meshId0-bitangents" name="meshId0-bitangents">
          <float_array id="meshId0-bitangents-array" count="414"> -3.252e-08 -2.05314e-07 -1 3.66214e-08 -2.10015e-07 -1 -0.240154 -2.38419e-07 -0.970735 -0.189506 -2.5332e-07 -0.981879 0 -2.92264e-07 -1 -0.0265258 -2.59839e-07 -0.999648 0.623794 -1.3411e-07 -0.781588 0.773269 -1.56462e-07 -0.634078 -2.74263e-07 5.20454e-07 1 -4.74437e-08 1.01072e-07 1 -1.49012e-08 -0.344443 0.938807 -2.38419e-07 -0.344443 0.938807 6.63127e-08 -2.48197e-07 -1 1.54484e-07 3.57409e-08 -1 2.83122e-07 -0.232626 -0.972566 1.19209e-07 -0.232627 -0.972566 -0.189506 2.75671e-07 0.981879 -0.240154 2.6077e-07 0.970735 -5.99618e-08 8.58117e-08 1 2.9166e-08 1.24899e-07 1 -1.41561e-07 0.97123 -0.238145 0 0.575493 -0.817806 -1.04308e-07 0.575493 -0.817806 -1.3411e-07 0.971229 -0.238145 -0.0265259 1.99303e-07 0.999648 -0 -9.10669e-09 1 0.773269 -2.45869e-07 0.634078 0.623794 -7.45058e-08 0.781588 3.28757e-07 -0.0278991 -0.999611 6.33299e-08 -0.0278987 -0.999611 3.65078e-07 -0.0426859 -0.999089 3.35276e-07 -0.0426865 -0.999089 0 2.50341e-07 1 -0.0450715 2.6077e-07 0.998984 -0.0450715 -2.5332e-07 -0.998984 0 -2.65429e-07 -1 0.189506 -1.41561e-07 -0.981879 0.240154 -1.71363e-07 -0.970735 0 -2.27509e-07 -1 -0.773269 -2.83122e-07 -0.634078 -0.623794 -8.04663e-07 -0.781589 0.0265261 -4.06057e-07 -0.999648 -2.5332e-07 0.344444 0.938807 -1.49012e-08 0.344444 0.938807 1.63913e-07 0.232626 -0.972566 3.05474e-07 0.232627 -0.972566 0.189506 1.71363e-07 0.981879 0.240154 1.41561e-07 0.970735 -1.3411e-07 -0.97123 -0.238145 -2.45869e-07 -0.97123 -0.238145 -1.93715e-07 -0.575494 -0.817806 1.49012e-08 -0.575494 -0.817806 0.026526 2.28174e-07 0.999648 -0.623795 -2.08616e-07 0.781588 -0.773269 -5.43892e-07 0.634078 -0 -1.56403e-07 1 2.68221e-07 0.0278981 -0.999611 -4.28408e-08 0.0278984 -0.999611 3.44589e-07 0.0426855 -0.999089 3.14787e-07 0.0426862 -0.999088 0.0450717 2.2538e-07 0.998984 0 2.34919e-07 1 0 -2.17704e-07 -1 0.0450717 -2.34693e-07 -0.998984 -0.770017 -0.638023 1.03651e-07 0.610321 -0.792154 1.2869e-07 0.745302 -0.666728 6.29574e-07 -0.649862 -0.760052 7.56234e-07 -0.708908 -0.7053 1.99303e-07 0.702613 -0.711572 1.75089e-07 0.69013 -0.723685 2.10106e-06 -0.722619 -0.691247 1.83284e-06 -1.02294e-06 1.01052e-06 1 -3.56753e-07 -1.32679e-07 1 -0.00806794 0.127724 0.991777 0.0345672 0.0971317 0.994671 2.6341e-07 -1.78967e-07 1 1.05145e-06 1.52763e-06 1 -0.0418787 0.100038 0.994102 -0.00749318 0.143583 0.98961 0.672115 -0.0447374 -0.739094 0.737359 -0.0490802 -0.673716 0.523293 -0.306065 0.795291 0.544988 0.229097 0.806538 0.00930788 -0.0765653 0.997021 -0.0117402 -0.0743374 0.997164 -0.00822342 -0.0940587 0.995533 -0.00549777 0.678347 0.734721 0.00198854 -0.0879284 0.996125 0.00241706 -0.733305 0.679896 0.0227089 -0.0633401 0.997734 -0.00584461 -0.0800338 0.996775 -0.00929642 -0.0951433 0.99542 -0.0207259 -0.0649297 0.997675 0.708954 -0.705254 -1.02445e-07 -0.702583 -0.711602 -1.76951e-07 -0.649862 -0.760052 -5.17815e-07 0.745301 -0.666728 -3.05474e-07 -0.708908 -0.705301 2.06754e-07 -0.412501 -0.799996 0.435716 0.402341 -0.832134 -0.381672 0.702613 -0.711572 6.33299e-08 -0.034568 -0.0971304 0.994671 0.00806708 -0.127725 0.991777 0.00749385 -0.143584 0.98961 0.04188 -0.100036 0.994102 1.2219e-06 -0.681182 0.732115 1.3262e-06 -0.732131 -0.681163 -0.009308 0.0765655 0.997021 -0.404804 0.43816 0.802589 -0.408447 -0.381029 0.82945 0.0117404 0.0743376 0.997164 0.0054967 -0.678347 0.734721 0.00822223 0.0940579 0.995533 -0.00198751 0.0879277 0.996125 -0.00241634 0.733305 0.679896 0.00584562 0.0800331 0.996775 -0.0227084 0.0633409 0.997734 0.0207257 0.0649302 0.997674 0.00929547 0.0951427 0.99542 -0.702583 -0.711602 1.08592e-06 0.708954 -0.705255 1.07288e-06 -0.999769 -0.0170543 -0.0130824 -0.974317 0.225148 0.00396714 -0.974696 0.2235 0.00385091 -0.999769 -0.0170543 -0.0130826 -0.891539 0.452521 0.0195501 -0.891539 0.452522 0.0195469 0.994714 0.0977374 -0.0314823 0.935389 0.352007 -0.0337499 0.935993 0.350398 -0.0337453 0.994887 0.0959655 -0.0314564 0.801388 0.597261 -0.0325104 0.801494 0.597119 -0.0325128 0.737005 0.675167 -0.0312002 0.737005 0.675167 -0.0312002 0.999431 0.0151294 -0.0301573 0.999431 0.0151294 -0.0301549 </float_array>
          <technique_common>
            <accessor count="138" offset="0" source="#meshId0-bitangents-array" stride="3">
              <param name="X" type="float" />
              <param name="Y" type="float" />
              <param name="Z" type="float" />
            </accessor>
          </technique_common>
        </source>
        <source id="meshId0-tex0" name="meshId0-tex0">
          <float_array id="meshId0-tex0-array" count="276"> 0.547888 0.492551 0.538418 0.492551 0.527964 0.462631 0.558865 0.462631 0.56351 0.389653 0.524819 0.389653 0.522147 0.364018 0.566412 0.353164 0.000126759 0.559765 0.202867 0.559765 0.202867 0.591635 0.000126759 0.591635 0.680368 0.176519 0.477628 0.176519 0.477628 0.144825 0.680368 0.144825 0.514347 0.522471 0.483446 0.522471 0.493899 0.492551 0.50337 0.492551 0.680368 0.000126736 0.680368 0.045703 0.477628 0.045703 0.477628 0.000126767 0.480301 0.595449 0.518992 0.595449 0.521893 0.631939 0.477628 0.621085 0.680368 0.0714773 0.477628 0.0714773 0.477628 0.108009 0.680368 0.108009 0.514829 0.55896 0.478546 0.55896 0.523064 0.426142 0.559348 0.426142 0.558865 0.522471 0.527964 0.522471 0.56351 0.595449 0.566412 0.631939 0.522147 0.621085 0.524819 0.595449 0.000126736 0.527895 0.202867 0.527895 0.680368 0.208212 0.477628 0.208212 0.514347 0.462631 0.483446 0.462631 0.680368 0.352911 0.477628 0.352911 0.477628 0.307334 0.680368 0.307334 0.480301 0.389653 0.477628 0.364018 0.521893 0.353164 0.518992 0.389653 0.680368 0.28156 0.477628 0.28156 0.680368 0.245029 0.477628 0.245029 0.478546 0.426142 0.514829 0.426142 0.559348 0.55896 0.523064 0.55896 0.854438 0.655027 0.854438 0.641798 0.881025 0.632192 0.881025 0.645422 0.960257 0.652249 0.960257 0.63902 0.999873 0.64188 0.999873 0.65511 0.247768 0.148114 0.47632 0.148114 0.476399 0.174851 0.24306 0.176401 0.000456713 0.148114 0.234724 0.148114 0.230004 0.177338 0.000288885 0.173894 0.230422 0.527642 0.217182 0.52676 0.232595 0.295221 0.245834 0.296102 0.232492 0.255483 0.245608 0.256435 0.477055 0.254492 0.477375 0.294241 0.00025963 0.25625 0.000399442 0.295956 0.231755 0.216109 0.000126752 0.216149 0.476717 0.214484 0.244579 0.216789 0.920641 0.635042 0.920641 0.648272 0.827852 0.645422 0.827852 0.632192 0.748619 0.652249 0.709003 0.65511 0.709003 0.64188 0.748619 0.63902 0.24306 0.119828 0.476399 0.121377 0.000288901 0.122334 0.230004 0.11889 0.477628 0.65511 0.477628 0.64188 0.232492 0.0407458 0.232595 0.00100806 0.245834 0.000126736 0.245608 0.0397938 0.477375 0.00198754 0.477055 0.0417362 0.00025963 0.0399786 0.000399442 0.000272995 0.000126736 0.0800796 0.231755 0.0801193 0.244579 0.0794391 0.476717 0.0817447 0.788236 0.648272 0.788236 0.635042 0.231946 0.549777 0.231856 0.534127 0.247586 0.534279 0.247675 0.549929 0.231946 0.527895 0.247675 0.528047 0.203199 0.551586 0.20312 0.54039 0.231448 0.54071 0.231527 0.551906 0.231534 0.534935 0.203206 0.534615 0.203275 0.527895 0.231602 0.528215 0.203275 0.568756 0.231602 0.569076 </float_array>
          <technique_common>
            <accessor count="138" offset="0" source="#meshId0-tex0-array" stride="2">
              <param name="S" type="float" />
              <param name="T" type="float" />
            </accessor>
          </technique_common>
        </source>
        <vertices id="meshId0-vertices">
          <input semantic="POSITION" source="#meshId0-positions" />
        </vertices>
        <polylist count="136" material="defaultMaterial">
          <input offset="0" semantic="VERTEX" source="#meshId0-vertices" />
          <input offset="0" semantic="NORMAL" source="#meshId0-normals" />
          <input offset="0" semantic="TANGENT" source="#meshId0-tangents" />
          <input offset="0" semantic="BINORMAL" source="#meshId0-bitangents" />
          <input offset="0" semantic="TEXCOORD" source="#meshId0-tex0" set="0" />
          <vcount>3 3 3 3 3 3 3 3 3 3 3 3 3 3 3 3 3 3 3 3 3 3 3 3 3 3 3 3 3 3 3 3 3 3 3 3 3 3 3 3 3 3 3 3 3 3 3 3 3 3 3 3 3 3 3 3 3 3 3 3 3 3 3 3 3 3 3 3 3 3 3 3 3 3 3 3 3 3 3 3 3 3 3 3 3 3 3 3 3 3 3 3 3 3 3 3 3 3 3 3 3 3 3 3 3 3 3 3 3 3 3 3 3 3 3 3 3 3 3 3 3 3 3 3 3 3 3 3 3 3 3 3 3 3 3 3 </vcount>
          <p>3 0 1 1 2 3 7 4 5 5 6 7 11 8 9 9 10 11 15 12 13 13 14 15 19 16 17 17 18 19 23 20 21 21 22 23 27 24 25 25 26 27 21 28 29 29 22 21 31 15 14 14 30 31 28 31 30 30 29 28 33 17 16 16 32 33 24 33 32 32 25 24 35 3 2 2 34 35 4 35 34 34 5 4 1 0 36 36 37 1 41 38 39 39 40 41 9 8 42 42 43 9 13 12 44 44 45 13 47 46 19 19 18 47 51 48 49 49 50 51 55 52 53 53 54 55 57 56 51 51 50 57 45 44 58 58 59 45 59 58 56 56 57 59 46 47 60 60 61 46 61 60 52 52 55 61 37 36 62 62 63 37 63 62 38 38 41 63 67 64 65 65 66 67 71 68 69 69 70 71 75 72 73 73 74 75 79 76 77 77 78 79 72 75 78 78 77 72 83 80 81 81 82 83 82 84 85 85 83 82 83 85 86 86 87 83 89 88 84 84 82 89 91 79 78 78 90 91 88 91 90 90 84 88 93 75 74 74 92 93 85 93 92 92 86 85 90 78 75 75 93 90 84 90 93 93 85 84 95 67 66 66 94 95 68 95 94 94 69 68 65 64 96 96 97 65 101 98 99 99 100 101 73 72 102 102 103 73 77 76 104 104 105 77 105 102 72 72 77 105 100 99 106 106 107 100 111 108 109 109 110 111 113 111 110 110 112 113 108 114 115 115 109 108 105 104 116 116 117 105 117 116 114 114 108 117 103 102 118 118 119 103 119 118 111 111 113 119 102 105 117 117 118 102 118 117 108 108 111 118 97 96 120 120 121 97 121 120 98 98 101 121 125 122 123 123 124 125 127 124 123 123 126 127 131 128 129 129 130 131 135 132 133 133 134 135 137 136 128 128 131 137 132 130 129 129 133 132 </p>
        </polylist>
      </mesh>
    </geometry>
  </library_geometries>
  <library_visual_scenes>
    <visual_scene id="root" name="root">
      <node id="Cube.001" name="Cube.001">
        <matrix>1 0 0 0 0 1 0 0 0 0 1 0 0 0 0 1</matrix>
        <instance_geometry url="#meshId0">
          <bind_material>
            <technique_common>
              <instance_material symbol="defaultMaterial" target="#DefaultMaterial" />
            </technique_common>
          </bind_material>
        </instance_geometry>
      </node>
    </visual_scene>
  </library_visual_scenes>
  <scene>
    <instance_visual_scene url="#root" />
  </scene>
</COLLADA>
